start=137.718147
speed=1.750000
pause=no
