start=2138.000000
speed=1.300000
sid=no
sub-delay=-0.000000
