start=484.576906
volume=96.000000
sid=1
sub-pos=96
sub-visibility=no
ab-loop-a=484.182748
