start=513.000000
speed=2.200000
sid=1
