start=1768.266000
speed=1.650000
sub-ass-override=force
