start=765.080000
speed=1.400000
aid=1
