start=2171.200000
speed=1.700000
sid=3
