start=348.500000
volume=98.000000
