start=1365.166667
volume=75.757576
sid=no
