start=8738.833000
volume=98.000000
